0.0883998
2.65498
8.65315
1.43819
0.2687
10.0103
11.5671
11.361
8.67215
13.0804
6.13266
4.13709
3.73392
0.72491
3.1979
1.79661
0.115725
0.0201194
0.0908523
0.699329
1.21222
5.41646
1.70267
0.200878
3.45294
0.940532
0.632818
0.935932
1.17967
0.976525
0.537909
0.0756076
0.438064
2.02373
0.522124
2.0214
1.27459
0.560942
0.428287
6.76238
1.01763
2.60344
1.2878
0.970718
3.51933
0.56636
1.806
2.03511
5.77693
0.0636197
0.799337
0.760013
1.55964
0.182921
0.679052
0.49831
0.063933
0.276744
4.03783
0.134429
1.93271
0.366632
3.73993
0.0368058
1.60261
1.16221
1.53206
2.1531
0.527012
0.99476
0.0986825
1.20825
1.02284
2.74292
2.3419
2.17647
0.204583
0.0613302
2.74597
0.651501
1.18525
1.613
1.09369
3.43744
3.89548
0.990117
1.42259
2.4728
11.2597
4.20689
2.41506
0.717396
0.800542
3.28577
0.281124
0.580355
0.625309
2.65556
1.54996
0.839628
0.767396
1.68525
1.62692
1.06658
3.37313
4.79779
0.0341639
1.3907
4.16684
0.103897
0.991432
2.30295
7.91132
0.351747
0.752342
1.81361
3.12946
0.227441
0.377381
1.40086
3.38592
0.723904
1.33523
0.291115
2.08482
0.575073
1.12881
0.188475
0.459605
0.329807
5.1871
2.64933
2.35189
5.5678
0.0870489
0.255316
0.418163
7.51463
3.35187
0.881644
1.61533
1.79013
0.0767
5.7678
1.54495
2.60758
0.261154
1.90501
1.37206
0.00110097
1.05036
0.387661
0.202692
0.996509
0.388648
1.33667
0.891903
0.47404
0.759557
6.55517
0.0102606
1.67504
0.292755
0.26439
3.19571
0.874349
0.0546145
1.14234
6.99479
1.00597
3.24999
1.00859
4.78799
6.24169
3.39474
3.07732
0.0485988
1.26329
1.14233
0.0458634
0.704671
7.96675
1.01632
2.34239
1.52526
3.33193
0.911208
1.61763
1.9967
1.44133
0.628144
1.09519
0.306439
2.13254
0.222185
3.28339
1.05613
0.285226
2.1754
5.96788
1.74758
3.89533
2.65792
0.634401
3.49573
0.0362235
0.131733
1.67191
3.49455
0.165251
0.332064
1.10449
7.07478
1.73952
0.831941
2.81108
3.94908
0.205794
0.53469
1.11365
3.50424
0.111579
0.215553
0.155555
1.69961
0.253415
6.85854
2.46598
0.912245
3.00949
2.53541
0.810662
5.36122
1.22251
0.0398387
1.11469
2.73407
1.48169
0.170117
2.12741
1.19019
3.34053
0.140482
0.343928
0.197324
4.76148
2.25749
1.18485
1.67002
