11.7763
65.2805
37.1375
30.6381
33.66
28.3628
18.5631
5.73754
4.48428
1.42791
4.03422
2.46356
7.73507
3.4566
0.426967
2.39169
2.96016
4.06162
6.81445
4.1768
2.97921
6.11352
1.75072
1.27415
0.287197
2.87195
1.23103
0.403123
4.1918
4.01259
1.96021
5.53819
0.152196
0.769595
2.45758
2.29651
1.12882
6.412
0.726081
1.90436
1.91726
2.31336
4.26023
3.65666
1.07888
7.20299
3.93126
0.634363
0.71823
2.73687
1.53006
3.74736
3.32929
2.5022
4.25382
2.0378
3.53467
7.31979
5.30617
4.52489
1.5034
0.654232
1.41546
0.443949
0.446006
0.570677
6.36852
2.77091
0.348116
0.141642
2.29226
1.03339
1.88838
0.156287
1.08575
1.16699
1.89704
0.213448
0.260658
4.28067
3.11917
1.7618
0.600948
5.96606
6.42488
2.71609
7.26838
5.06516
2.47136
3.01614
1.42588
6.91154
0.851765
1.37162
2.68835
0.594272
2.76967
0.283469
0.652762
4.79072
11.0649
0.15322
1.85266
0.105615
3.6144
4.94561
1.36224
0.913965
2.18065
1.43031
3.82186
5.43443
1.57984
1.24735
2.01341
3.87823
0.668845
0.640067
2.99442
11.5698
1.94621
3.10531
2.66916
1.98509
4.35
2.07855
4.32587
1.49257
0.098476
4.95845
2.32072
2.54668
0.66179
6.12949
3.8129
3.57887
2.37173
2.74218
0.942031
4.25061
7.74513
7.38491
1.35805
4.54921
2.77745
2.41415
6.38762
1.65174
4.63045
1.86486
0.885459
2.50597
3.16389
0.526763
4.39271
7.80763
2.79517
0.506894
2.0495
1.02923
2.98624
4.29577
1.16042
1.85895
7.47726
5.32432
5.01496
3.07627
1.39421
5.05102
0.793867
0.812049
6.50628
6.23821
4.2572
4.48078
2.55438
0.744738
2.66788
0.497927
2.80299
0.0763288
5.3537
2.54569
4.6348
4.9299
2.65684
0.306848
1.27826
1.18104
3.6566
4.15743
2.45172
5.43241
0.777301
2.72475
2.48539
1.78109
0.272419
3.52898
1.11888
2.91132
0.740576
2.301
6.74345
3.65791
11.6196
2.23678
0.985743
0.866989
4.11122
1.70362
4.58783
3.55248
5.33706
1.18192
4.12364
2.90332
6.2501
2.77635
0.948644
0.433177
1.26294
3.2775
1.87343
1.72975
2.53268
7.47895
3.8119
3.80163
1.69285
1.26153
5.01553
3.1858
1.84062
4.53222
1.70171
2.50442
2.16974
8.50216
0.784611
9.48034
1.54002
2.55429
2.14968
2.3793
4.70685
2.051
